0.000000000000000000e+00,-6.000000000000000000e+01
1.398777961730957031e-02,-6.000000000000000000e+01
2.452683448791503906e-02,-6.000000000000000000e+01
3.570890426635742188e-02,-6.000000000000000000e+01
4.787898063659667969e-02,-6.000000000000000000e+01
5.878877639770507812e-02,-6.000000000000000000e+01
6.990003585815429688e-02,-6.000000000000000000e+01
8.263874053955078125e-02,-6.000000000000000000e+01
9.323787689208984375e-02,-6.000000000000000000e+01
1.038348674774169922e-01,-6.000000000000000000e+01
1.147477626800537109e-01,-6.100000000000000000e+01
1.270029544830322266e-01,-6.100000000000000000e+01
1.384429931640625000e-01,-6.100000000000000000e+01
1.492071151733398438e-01,-6.100000000000000000e+01
1.604619026184082031e-01,-6.100000000000000000e+01
1.707568168640136719e-01,-6.100000000000000000e+01
1.819598674774169922e-01,-6.100000000000000000e+01
1.943879127502441406e-01,-6.100000000000000000e+01
2.067198753356933594e-01,-6.100000000000000000e+01
2.190480232238769531e-01,-6.000000000000000000e+01
2.318000793457031250e-01,-6.000000000000000000e+01
2.438328266143798828e-01,-6.000000000000000000e+01
2.543349266052246094e-01,-6.000000000000000000e+01
2.670757770538330078e-01,-6.000000000000000000e+01
2.796180248260498047e-01,-6.000000000000000000e+01
2.903349399566650391e-01,-6.000000000000000000e+01
3.020348548889160156e-01,-6.000000000000000000e+01
3.165729045867919922e-01,-5.200000000000000000e+01
3.269889354705810547e-01,-6.000000000000000000e+01
3.385598659515380859e-01,-6.000000000000000000e+01
3.497967720031738281e-01,-6.000000000000000000e+01
3.610298633575439453e-01,-6.000000000000000000e+01
3.746979236602783203e-01,-6.000000000000000000e+01
3.860599994659423828e-01,-6.000000000000000000e+01
3.988108634948730469e-01,-6.000000000000000000e+01
4.107389450073242188e-01,-6.000000000000000000e+01
4.216849803924560547e-01,-5.200000000000000000e+01
4.344530105590820312e-01,-6.000000000000000000e+01
4.466791152954101562e-01,-6.000000000000000000e+01
4.572570323944091797e-01,-6.000000000000000000e+01
4.695079326629638672e-01,-6.000000000000000000e+01
4.805147647857666016e-01,-6.000000000000000000e+01
4.910259246826171875e-01,-6.000000000000000000e+01
5.032787322998046875e-01,-6.000000000000000000e+01
5.135810375213623047e-01,-6.000000000000000000e+01
5.245850086212158203e-01,-6.000000000000000000e+01
5.361547470092773438e-01,-6.000000000000000000e+01
5.471379756927490234e-01,-6.000000000000000000e+01
5.573220252990722656e-01,-6.000000000000000000e+01
5.696477890014648438e-01,-6.000000000000000000e+01
5.825998783111572266e-01,-6.000000000000000000e+01
5.932059288024902344e-01,-6.000000000000000000e+01
6.045267581939697266e-01,-6.000000000000000000e+01
6.149389743804931641e-01,-6.000000000000000000e+01
6.287398338317871094e-01,-6.000000000000000000e+01
6.398739814758300781e-01,-6.000000000000000000e+01
6.518988609313964844e-01,-6.000000000000000000e+01
6.625058650970458984e-01,-6.000000000000000000e+01
6.730477809906005859e-01,-6.000000000000000000e+01
6.862957477569580078e-01,-6.000000000000000000e+01
6.971037387847900391e-01,-6.000000000000000000e+01
7.076718807220458984e-01,-6.000000000000000000e+01
7.184886932373046875e-01,-6.000000000000000000e+01
7.311680316925048828e-01,-6.000000000000000000e+01
7.418329715728759766e-01,-6.000000000000000000e+01
7.533750534057617188e-01,-6.000000000000000000e+01
7.637507915496826172e-01,-6.000000000000000000e+01
7.745947837829589844e-01,-6.000000000000000000e+01
7.864220142364501953e-01,-6.000000000000000000e+01
7.991228103637695312e-01,-6.000000000000000000e+01
8.114409446716308594e-01,-6.000000000000000000e+01
8.231728076934814453e-01,-6.000000000000000000e+01
8.359129428863525391e-01,-6.000000000000000000e+01
8.463690280914306641e-01,-6.000000000000000000e+01
8.575799465179443359e-01,-6.000000000000000000e+01
8.686268329620361328e-01,-6.000000000000000000e+01
8.798830509185791016e-01,-6.000000000000000000e+01
8.901100158691406250e-01,-6.000000000000000000e+01
9.019629955291748047e-01,-6.000000000000000000e+01
9.130249023437500000e-01,-6.000000000000000000e+01
9.241969585418701172e-01,-6.000000000000000000e+01
9.360158443450927734e-01,-6.000000000000000000e+01
9.472010135650634766e-01,-6.000000000000000000e+01
9.575338363647460938e-01,-6.000000000000000000e+01
9.699568748474121094e-01,-6.000000000000000000e+01
9.819579124450683594e-01,-6.000000000000000000e+01
9.940648078918457031e-01,-6.000000000000000000e+01
1.004323720932006836e+00,-6.000000000000000000e+01
1.016902923583984375e+00,-6.000000000000000000e+01
1.027284860610961914e+00,-6.000000000000000000e+01
1.038460969924926758e+00,-6.000000000000000000e+01
1.048721790313720703e+00,-6.000000000000000000e+01
1.061176061630249023e+00,-6.000000000000000000e+01
1.071522712707519531e+00,-6.000000000000000000e+01
1.084262847900390625e+00,-6.000000000000000000e+01
1.096290826797485352e+00,-6.000000000000000000e+01
1.106481790542602539e+00,-6.000000000000000000e+01
1.118571996688842773e+00,-6.000000000000000000e+01
1.128909826278686523e+00,-6.000000000000000000e+01
1.140978813171386719e+00,-6.000000000000000000e+01
1.152222871780395508e+00,-5.900000000000000000e+01
1.164986848831176758e+00,-5.900000000000000000e+01
1.177389860153198242e+00,-5.900000000000000000e+01
1.188075065612792969e+00,-5.900000000000000000e+01
1.198979854583740234e+00,-5.900000000000000000e+01
1.210731029510498047e+00,-5.900000000000000000e+01
1.220992088317871094e+00,-5.900000000000000000e+01
1.233736991882324219e+00,-5.900000000000000000e+01
1.244065999984741211e+00,-5.900000000000000000e+01
1.254394769668579102e+00,-5.900000000000000000e+01
1.266900062561035156e+00,-6.000000000000000000e+01
1.277986764907836914e+00,-6.000000000000000000e+01
1.291115999221801758e+00,-6.000000000000000000e+01
1.301901102066040039e+00,-6.000000000000000000e+01
1.314635038375854492e+00,-6.000000000000000000e+01
1.325646877288818359e+00,-6.000000000000000000e+01
1.335864067077636719e+00,-6.000000000000000000e+01
1.346287965774536133e+00,-6.000000000000000000e+01
1.356887102127075195e+00,-5.300000000000000000e+01
1.367133855819702148e+00,-5.900000000000000000e+01
1.379661798477172852e+00,-5.900000000000000000e+01
1.390156030654907227e+00,-5.900000000000000000e+01
1.402644872665405273e+00,-5.900000000000000000e+01
1.415378808975219727e+00,-5.900000000000000000e+01
1.427157878875732422e+00,-5.900000000000000000e+01
1.439601898193359375e+00,-5.900000000000000000e+01
1.451896905899047852e+00,-5.900000000000000000e+01
1.462121009826660156e+00,-6.000000000000000000e+01
1.474296092987060547e+00,-6.000000000000000000e+01
1.485794067382812500e+00,-6.000000000000000000e+01
1.496757030487060547e+00,-6.000000000000000000e+01
1.506988048553466797e+00,-6.000000000000000000e+01
1.518627882003784180e+00,-6.000000000000000000e+01
1.529660940170288086e+00,-6.000000000000000000e+01
1.539942979812622070e+00,-6.000000000000000000e+01
1.552514076232910156e+00,-6.000000000000000000e+01
1.565829753875732422e+00,-6.000000000000000000e+01
1.577188730239868164e+00,-6.000000000000000000e+01
1.587727785110473633e+00,-6.000000000000000000e+01
1.598569869995117188e+00,-6.000000000000000000e+01
1.610584735870361328e+00,-6.000000000000000000e+01
1.622008085250854492e+00,-6.000000000000000000e+01
1.632770061492919922e+00,-6.000000000000000000e+01
1.643084049224853516e+00,-6.000000000000000000e+01
1.653949975967407227e+00,-6.000000000000000000e+01
1.665379762649536133e+00,-6.000000000000000000e+01
1.677390813827514648e+00,-6.000000000000000000e+01
1.688071966171264648e+00,-6.000000000000000000e+01
1.700784921646118164e+00,-6.000000000000000000e+01
1.713314056396484375e+00,-6.000000000000000000e+01
1.724411964416503906e+00,-6.000000000000000000e+01
1.735785961151123047e+00,-6.000000000000000000e+01
1.746758937835693359e+00,-6.000000000000000000e+01
1.756917953491210938e+00,-6.000000000000000000e+01
1.768624782562255859e+00,-6.000000000000000000e+01
1.779263973236083984e+00,-6.000000000000000000e+01
1.789436817169189453e+00,-6.000000000000000000e+01
1.801883935928344727e+00,-6.000000000000000000e+01
1.812322139739990234e+00,-6.000000000000000000e+01
1.823648929595947266e+00,-6.000000000000000000e+01
1.836367845535278320e+00,-6.000000000000000000e+01
1.848851919174194336e+00,-6.000000000000000000e+01
1.859808921813964844e+00,-6.000000000000000000e+01
1.871179103851318359e+00,-6.000000000000000000e+01
1.883894920349121094e+00,-6.000000000000000000e+01
1.894047021865844727e+00,-6.000000000000000000e+01
1.905191898345947266e+00,-6.000000000000000000e+01
1.916530847549438477e+00,-6.000000000000000000e+01
1.927348852157592773e+00,-6.000000000000000000e+01
1.938713788986206055e+00,-6.000000000000000000e+01
1.951182842254638672e+00,-6.000000000000000000e+01
1.962383747100830078e+00,-6.000000000000000000e+01
1.973293781280517578e+00,-6.000000000000000000e+01
1.986495971679687500e+00,-5.100000000000000000e+01
2.000973701477050781e+00,-6.300000000000000000e+01
2.012706041336059570e+00,-6.300000000000000000e+01
2.027133941650390625e+00,-6.300000000000000000e+01
2.038639783859252930e+00,-6.300000000000000000e+01
2.051271915435791016e+00,-6.300000000000000000e+01
2.061481952667236328e+00,-6.300000000000000000e+01
2.072937965393066406e+00,-6.300000000000000000e+01
2.087810754776000977e+00,-6.300000000000000000e+01
2.098522901535034180e+00,-6.000000000000000000e+01
2.109018802642822266e+00,-6.000000000000000000e+01
2.119493961334228516e+00,-6.000000000000000000e+01
2.132221937179565430e+00,-6.000000000000000000e+01
2.144039869308471680e+00,-6.000000000000000000e+01
2.155220985412597656e+00,-6.000000000000000000e+01
2.166454076766967773e+00,-6.000000000000000000e+01
2.178707838058471680e+00,-6.000000000000000000e+01
2.189178943634033203e+00,-6.000000000000000000e+01
2.201880693435668945e+00,-6.000000000000000000e+01
2.213350772857666016e+00,-6.000000000000000000e+01
2.223567962646484375e+00,-6.000000000000000000e+01
2.234833955764770508e+00,-6.000000000000000000e+01
2.245981931686401367e+00,-6.000000000000000000e+01
2.257222890853881836e+00,-6.000000000000000000e+01
2.268564939498901367e+00,-6.000000000000000000e+01
2.279052019119262695e+00,-6.000000000000000000e+01
2.290040731430053711e+00,-6.000000000000000000e+01
2.302464962005615234e+00,-5.000000000000000000e+01
2.315218925476074219e+00,-6.000000000000000000e+01
2.327309846878051758e+00,-6.000000000000000000e+01
2.337558984756469727e+00,-6.000000000000000000e+01
2.348226070404052734e+00,-6.000000000000000000e+01
2.360669851303100586e+00,-6.000000000000000000e+01
2.371157884597778320e+00,-6.000000000000000000e+01
2.382382869720458984e+00,-6.000000000000000000e+01
2.393342018127441406e+00,-6.000000000000000000e+01
2.403618097305297852e+00,-6.000000000000000000e+01
2.416326999664306641e+00,-5.900000000000000000e+01
2.427319049835205078e+00,-5.900000000000000000e+01
2.438076972961425781e+00,-5.900000000000000000e+01
2.450818061828613281e+00,-5.900000000000000000e+01
2.461205005645751953e+00,-5.900000000000000000e+01
2.471616983413696289e+00,-5.900000000000000000e+01
2.484342098236083984e+00,-5.900000000000000000e+01
2.494882106781005859e+00,-5.900000000000000000e+01
2.505298852920532227e+00,-5.900000000000000000e+01
2.516299962997436523e+00,-6.200000000000000000e+01
2.528499841690063477e+00,-6.200000000000000000e+01
2.538857936859130859e+00,-6.200000000000000000e+01
2.549849748611450195e+00,-6.200000000000000000e+01
2.560808897018432617e+00,-6.200000000000000000e+01
2.572108030319213867e+00,-6.200000000000000000e+01
2.583032131195068359e+00,-6.200000000000000000e+01
2.593200922012329102e+00,-6.200000000000000000e+01
2.603485822677612305e+00,-6.200000000000000000e+01
2.616222858428955078e+00,-6.200000000000000000e+01
2.626576900482177734e+00,-6.000000000000000000e+01
2.637965917587280273e+00,-6.000000000000000000e+01
2.649197816848754883e+00,-6.000000000000000000e+01
2.661653041839599609e+00,-6.000000000000000000e+01
2.674127817153930664e+00,-6.000000000000000000e+01
2.685744762420654297e+00,-6.000000000000000000e+01
2.697098970413208008e+00,-6.000000000000000000e+01
2.707551956176757812e+00,-6.000000000000000000e+01
2.719447135925292969e+00,-6.000000000000000000e+01
2.732115983963012695e+00,-6.300000000000000000e+01
2.743254899978637695e+00,-6.300000000000000000e+01
2.754287958145141602e+00,-6.300000000000000000e+01
2.767019033432006836e+00,-6.300000000000000000e+01
2.777261018753051758e+00,-6.300000000000000000e+01
2.788566112518310547e+00,-6.300000000000000000e+01
2.801295757293701172e+00,-6.300000000000000000e+01
2.812334775924682617e+00,-6.300000000000000000e+01
2.823644876480102539e+00,-6.300000000000000000e+01
2.836188793182373047e+00,-6.300000000000000000e+01
2.846961975097656250e+00,-5.900000000000000000e+01
2.857611894607543945e+00,-5.900000000000000000e+01
2.869905948638916016e+00,-5.900000000000000000e+01
2.882436752319335938e+00,-5.900000000000000000e+01
2.893911838531494141e+00,-5.900000000000000000e+01
2.904858827590942383e+00,-5.900000000000000000e+01
2.916450738906860352e+00,-5.900000000000000000e+01
2.926899909973144531e+00,-5.900000000000000000e+01
2.939452886581420898e+00,-5.000000000000000000e+01
2.951842069625854492e+00,-6.000000000000000000e+01
2.964339017868041992e+00,-6.000000000000000000e+01
2.975521087646484375e+00,-6.000000000000000000e+01
2.985732793807983398e+00,-6.000000000000000000e+01
2.998370885848999023e+00,-6.000000000000000000e+01
3.009685993194580078e+00,-6.000000000000000000e+01
3.021524906158447266e+00,-6.000000000000000000e+01
3.033106803894042969e+00,-6.000000000000000000e+01
3.044286012649536133e+00,-5.000000000000000000e+01
3.056760787963867188e+00,-6.200000000000000000e+01
3.068896055221557617e+00,-6.200000000000000000e+01
3.081640005111694336e+00,-6.200000000000000000e+01
3.093401908874511719e+00,-6.200000000000000000e+01
3.104868888854980469e+00,-6.200000000000000000e+01
3.116172075271606445e+00,-6.200000000000000000e+01
3.126410961151123047e+00,-6.200000000000000000e+01
3.137463092803955078e+00,-6.200000000000000000e+01
3.148334741592407227e+00,-6.000000000000000000e+01
3.159338951110839844e+00,-6.000000000000000000e+01
3.170614957809448242e+00,-6.000000000000000000e+01
3.181476831436157227e+00,-6.000000000000000000e+01
3.193759918212890625e+00,-6.000000000000000000e+01
3.205343008041381836e+00,-6.000000000000000000e+01
3.216358900070190430e+00,-6.000000000000000000e+01
3.226833820343017578e+00,-6.000000000000000000e+01
3.237087965011596680e+00,-6.000000000000000000e+01
3.248383998870849609e+00,-6.000000000000000000e+01
3.260563850402832031e+00,-6.000000000000000000e+01
3.270863771438598633e+00,-6.000000000000000000e+01
3.282052755355834961e+00,-6.000000000000000000e+01
3.293210744857788086e+00,-6.000000000000000000e+01
3.304783821105957031e+00,-6.000000000000000000e+01
3.317311048507690430e+00,-6.000000000000000000e+01
3.328206777572631836e+00,-6.000000000000000000e+01
3.340363025665283203e+00,-6.000000000000000000e+01
3.352988958358764648e+00,-6.000000000000000000e+01
3.365720748901367188e+00,-5.900000000000000000e+01
3.376893997192382812e+00,-5.900000000000000000e+01
3.388405084609985352e+00,-5.900000000000000000e+01
3.399671077728271484e+00,-5.900000000000000000e+01
3.410055875778198242e+00,-5.900000000000000000e+01
3.421263933181762695e+00,-5.900000000000000000e+01
3.433542966842651367e+00,-5.900000000000000000e+01
3.444112777709960938e+00,-5.900000000000000000e+01
3.455076932907104492e+00,-5.900000000000000000e+01
3.467689037322998047e+00,-6.200000000000000000e+01
3.480324745178222656e+00,-6.200000000000000000e+01
3.492323875427246094e+00,-6.200000000000000000e+01
3.504072904586791992e+00,-6.200000000000000000e+01
3.515010833740234375e+00,-6.200000000000000000e+01
3.526210069656372070e+00,-6.200000000000000000e+01
3.536400794982910156e+00,-6.200000000000000000e+01
3.547705888748168945e+00,-6.200000000000000000e+01
3.558011770248413086e+00,-6.200000000000000000e+01
3.568989992141723633e+00,-6.200000000000000000e+01
3.581737995147705078e+00,-5.900000000000000000e+01
3.592545986175537109e+00,-5.900000000000000000e+01
3.602893829345703125e+00,-5.900000000000000000e+01
3.614878892898559570e+00,-5.900000000000000000e+01
3.627018928527832031e+00,-5.900000000000000000e+01
3.637280941009521484e+00,-5.900000000000000000e+01
3.648664712905883789e+00,-5.900000000000000000e+01
3.659287691116333008e+00,-5.900000000000000000e+01
3.669545888900756836e+00,-5.900000000000000000e+01
3.680140972137451172e+00,-6.000000000000000000e+01
3.692203044891357422e+00,-6.000000000000000000e+01
3.702645063400268555e+00,-6.000000000000000000e+01
3.714061021804809570e+00,-6.000000000000000000e+01
3.724895000457763672e+00,-6.000000000000000000e+01
3.737147808074951172e+00,-6.000000000000000000e+01
3.748184919357299805e+00,-6.000000000000000000e+01
3.760818004608154297e+00,-6.000000000000000000e+01
3.771175861358642578e+00,-6.000000000000000000e+01
3.783531904220581055e+00,-5.900000000000000000e+01
3.796209812164306641e+00,-5.900000000000000000e+01
3.808237791061401367e+00,-5.900000000000000000e+01
3.820193052291870117e+00,-5.900000000000000000e+01
3.832968950271606445e+00,-5.900000000000000000e+01
3.845654964447021484e+00,-5.900000000000000000e+01
3.857899904251098633e+00,-5.900000000000000000e+01
3.869496107101440430e+00,-5.900000000000000000e+01
3.882094860076904297e+00,-5.900000000000000000e+01
3.892509937286376953e+00,-5.900000000000000000e+01
3.903795003890991211e+00,-5.900000000000000000e+01
3.914756774902343750e+00,-5.900000000000000000e+01
3.925382852554321289e+00,-5.900000000000000000e+01
3.935833930969238281e+00,-5.900000000000000000e+01
3.948562860488891602e+00,-5.900000000000000000e+01
3.959096908569335938e+00,-5.900000000000000000e+01
3.971582889556884766e+00,-5.900000000000000000e+01
3.982722043991088867e+00,-5.900000000000000000e+01
3.993498802185058594e+00,-6.000000000000000000e+01
4.004319906234741211e+00,-6.000000000000000000e+01
4.016435861587524414e+00,-6.000000000000000000e+01
4.026690721511840820e+00,-6.000000000000000000e+01
4.040699958801269531e+00,-6.000000000000000000e+01
4.052704095840454102e+00,-6.000000000000000000e+01
4.063578844070434570e+00,-6.000000000000000000e+01
4.074754714965820312e+00,-6.000000000000000000e+01
4.085954904556274414e+00,-6.000000000000000000e+01
4.098690748214721680e+00,-6.000000000000000000e+01
4.110395908355712891e+00,-6.000000000000000000e+01
4.121564865112304688e+00,-6.000000000000000000e+01
4.133617877960205078e+00,-6.000000000000000000e+01
4.145593881607055664e+00,-6.000000000000000000e+01
4.157923936843872070e+00,-6.000000000000000000e+01
4.170280933380126953e+00,-6.000000000000000000e+01
4.182980775833129883e+00,-6.000000000000000000e+01
4.194448947906494141e+00,-6.000000000000000000e+01
4.205403804779052734e+00,-6.000000000000000000e+01
4.216886043548583984e+00,-6.000000000000000000e+01
4.227315902709960938e+00,-6.000000000000000000e+01
4.237618923187255859e+00,-6.000000000000000000e+01
4.250272989273071289e+00,-6.000000000000000000e+01
4.260846853256225586e+00,-6.000000000000000000e+01
4.271250963211059570e+00,-6.000000000000000000e+01
4.282759904861450195e+00,-6.000000000000000000e+01
4.293329954147338867e+00,-6.000000000000000000e+01
4.305808782577514648e+00,-6.000000000000000000e+01
4.318295717239379883e+00,-5.900000000000000000e+01
4.328900814056396484e+00,-5.900000000000000000e+01
4.341274976730346680e+00,-5.900000000000000000e+01
4.351994752883911133e+00,-5.900000000000000000e+01
4.364657878875732422e+00,-5.900000000000000000e+01
4.375434875488281250e+00,-5.900000000000000000e+01
4.385872840881347656e+00,-5.900000000000000000e+01
4.397193908691406250e+00,-5.900000000000000000e+01
4.407437086105346680e+00,-5.900000000000000000e+01
4.417654037475585938e+00,-6.000000000000000000e+01
4.429853916168212891e+00,-6.000000000000000000e+01
4.440826892852783203e+00,-6.000000000000000000e+01
4.452383041381835938e+00,-6.000000000000000000e+01
4.465108871459960938e+00,-6.000000000000000000e+01
4.475330829620361328e+00,-6.000000000000000000e+01
4.485981941223144531e+00,-6.000000000000000000e+01
4.498726844787597656e+00,-6.000000000000000000e+01
4.511269807815551758e+00,-6.000000000000000000e+01
4.522283077239990234e+00,-5.900000000000000000e+01
4.533591032028198242e+00,-5.900000000000000000e+01
4.544866085052490234e+00,-5.900000000000000000e+01
4.557394981384277344e+00,-5.900000000000000000e+01
4.569563865661621094e+00,-5.900000000000000000e+01
4.582309961318969727e+00,-5.900000000000000000e+01
4.592947959899902344e+00,-5.900000000000000000e+01
4.605639934539794922e+00,-5.900000000000000000e+01
4.615934848785400391e+00,-5.900000000000000000e+01
4.626927852630615234e+00,-6.200000000000000000e+01
4.638157844543457031e+00,-6.200000000000000000e+01
4.649703979492187500e+00,-6.200000000000000000e+01
4.660415887832641602e+00,-6.200000000000000000e+01
4.671797990798950195e+00,-6.200000000000000000e+01
4.684378862380981445e+00,-6.200000000000000000e+01
4.697085857391357422e+00,-6.200000000000000000e+01
4.708298921585083008e+00,-6.200000000000000000e+01
4.719938039779663086e+00,-6.200000000000000000e+01
4.731070041656494141e+00,-6.200000000000000000e+01
4.742226839065551758e+00,-5.900000000000000000e+01
4.752557039260864258e+00,-5.900000000000000000e+01
4.763669013977050781e+00,-5.900000000000000000e+01
4.773816108703613281e+00,-5.900000000000000000e+01
4.786356925964355469e+00,-5.900000000000000000e+01
4.798659801483154297e+00,-5.900000000000000000e+01
4.809444904327392578e+00,-5.900000000000000000e+01
4.820595979690551758e+00,-5.900000000000000000e+01
4.831976890563964844e+00,-5.900000000000000000e+01
4.842089891433715820e+00,-6.000000000000000000e+01
4.853202819824218750e+00,-6.000000000000000000e+01
4.865937948226928711e+00,-6.000000000000000000e+01
4.878169775009155273e+00,-6.000000000000000000e+01
4.889766931533813477e+00,-6.000000000000000000e+01
4.902109861373901367e+00,-6.000000000000000000e+01
4.912534952163696289e+00,-6.000000000000000000e+01
4.923183917999267578e+00,-6.000000000000000000e+01
4.935070991516113281e+00,-6.000000000000000000e+01
4.947801828384399414e+00,-6.000000000000000000e+01
4.958019733428955078e+00,-6.000000000000000000e+01
4.968824863433837891e+00,-6.000000000000000000e+01
4.980091810226440430e+00,-6.000000000000000000e+01
4.990897893905639648e+00,-6.000000000000000000e+01
5.002391815185546875e+00,-6.000000000000000000e+01
5.015136003494262695e+00,-6.000000000000000000e+01
5.026488780975341797e+00,-6.000000000000000000e+01
5.037503957748413086e+00,-6.000000000000000000e+01
5.052487850189208984e+00,-6.000000000000000000e+01
5.063161849975585938e+00,-6.000000000000000000e+01
5.075506925582885742e+00,-6.000000000000000000e+01
5.086544990539550781e+00,-6.000000000000000000e+01
5.097717046737670898e+00,-6.000000000000000000e+01
5.110014915466308594e+00,-6.000000000000000000e+01
5.122447967529296875e+00,-6.000000000000000000e+01
5.132889747619628906e+00,-6.000000000000000000e+01
5.143452882766723633e+00,-6.000000000000000000e+01
5.154588937759399414e+00,-5.000000000000000000e+01
5.166826009750366211e+00,-6.000000000000000000e+01
5.178535938262939453e+00,-6.000000000000000000e+01
5.190168857574462891e+00,-6.000000000000000000e+01
5.202892065048217773e+00,-6.000000000000000000e+01
5.215620756149291992e+00,-6.000000000000000000e+01
5.225850820541381836e+00,-6.000000000000000000e+01
5.238492965698242188e+00,-6.000000000000000000e+01
5.249538898468017578e+00,-6.000000000000000000e+01
5.259914875030517578e+00,-6.000000000000000000e+01
5.270127773284912109e+00,-6.000000000000000000e+01
5.282872915267944336e+00,-6.000000000000000000e+01
5.295489072799682617e+00,-6.000000000000000000e+01
5.307950735092163086e+00,-6.000000000000000000e+01
5.320536851882934570e+00,-6.000000000000000000e+01
5.331645011901855469e+00,-6.000000000000000000e+01
5.342933893203735352e+00,-6.000000000000000000e+01
5.353859901428222656e+00,-6.000000000000000000e+01
5.366515874862670898e+00,-6.000000000000000000e+01
5.377852916717529297e+00,-6.000000000000000000e+01
5.389197826385498047e+00,-6.000000000000000000e+01
5.399814844131469727e+00,-6.000000000000000000e+01
5.410486936569213867e+00,-6.000000000000000000e+01
5.422462940216064453e+00,-6.000000000000000000e+01
5.432816982269287109e+00,-6.000000000000000000e+01
5.443441867828369141e+00,-6.000000000000000000e+01
5.454020738601684570e+00,-6.000000000000000000e+01
5.466773986816406250e+00,-6.000000000000000000e+01
5.478647947311401367e+00,-6.000000000000000000e+01
5.491247892379760742e+00,-6.000000000000000000e+01
5.502478837966918945e+00,-6.000000000000000000e+01
5.513484954833984375e+00,-6.000000000000000000e+01
5.523783922195434570e+00,-6.000000000000000000e+01
5.535711050033569336e+00,-6.000000000000000000e+01
5.547058820724487305e+00,-6.000000000000000000e+01
5.558162927627563477e+00,-6.000000000000000000e+01
5.569721937179565430e+00,-6.000000000000000000e+01
5.581408023834228516e+00,-5.000000000000000000e+01
5.592103958129882812e+00,-6.000000000000000000e+01
5.602596759796142578e+00,-6.000000000000000000e+01
5.616779088973999023e+00,-6.000000000000000000e+01
5.627578973770141602e+00,-6.000000000000000000e+01
5.640024900436401367e+00,-6.000000000000000000e+01
5.652173757553100586e+00,-6.000000000000000000e+01
5.662729024887084961e+00,-6.000000000000000000e+01
5.672950983047485352e+00,-6.000000000000000000e+01
5.684240818023681641e+00,-6.000000000000000000e+01
5.695463895797729492e+00,-6.000000000000000000e+01
5.705853939056396484e+00,-6.000000000000000000e+01
5.719465970993041992e+00,-6.000000000000000000e+01
5.731902837753295898e+00,-6.000000000000000000e+01
